Others 116708421.5755024 45466 2566.9384061826945
CEX deposit address 104147049.65968207 4864 21411.81119648069
TM1zzNDZD2DPASbKcgdVoTYhfmYgtfwx9R 3686260.882128004 3095 1191.0374417214875
TU4vEruvZwLLkSfV9bNw12EJTPvNr7Pvaa 2851539.6970000113 2187 1303.8590292638369
TQrY8tryqsYVCYS3MFbtffiPp2ccyn4STm 2653995.683564001 1160 2287.9273134172427
TJDENsfBJs4RFETt1X1W8wMDc8M5XnJhCe 2300171.621292002 1281 1795.6062617423904
TJEw7U8a4Asoh83EoB5Pk5YyfTadVZbb8h 2221733.5400000005 799 2780.642728410514
TAzsQ9Gx8eqFNFSKbeXrbi45CuVPHzA8wr 1661103.0036770003 1207 1376.224526658658
TDqSquXBgUCLYvYC4XZgrprLK589dkhSCf 1577376.201515001 1185 1331.1191573966253
TYASr5UV6HEcXatwdFQfmLVUqQQQMUxHLS 1277170.054979 1143 1117.3841250909886
TNXoiAJ3dct8Fjg4M9fkLFh9S2v9TXc32G 1149033.9883429995 1155 994.8346219419909
TTd9qHyjqiUkfTxe3gotbuTMpjU8LEbpkN 1036189.1742339999 56 18503.378111321428
TAEd5KWG16J18f958MWtUcFihwXk2P8kZ8 834188.0 2 417094.0
TBA6CypYJizwA9XdC7Ubgc5F1bxrQ7SqPt 744181.4202700004 244 3049.9238535655754
TJ7hhYhVhaxNx6BPyq7yFpqZrQULL3JSdb 453216.656725 61 7429.781257786885
TZ8Ksz21Hk1tQuztCKCUJBRXStCav9uyjM 193894.380654 118 1643.1727174067798
TRVcYEBh7QaU9V7qoLk1iqzejNuYBpPx6n 170531.19265499996 19 8975.325929210525
TUbojUPizaRHJCVTuE1oESff8r6iyCMyrK 109954.14786600001 37 2971.7337261081084
TH9qDRyZBHNfTkq9VGf1zzqBERbe9tSBAn 48475.5 3 16158.5
TYYuvF54NymZQJXbosH9EkXtbBaiAAKbrv 34660.31999999999 37 936.7654054054052
TXFBqBbqJommqZf7BV8NNYzePh97UmJodJ 30598.489984 23 1330.3691297391304
TJeAgBoCJmoxXW8nqkmtqAetiRxyixVAiq 21209.67 13 1631.5130769230768
TNAfStqVaTak2mH81fbnuHVKTfy7bbcqRF 17580.880891 21 837.1848043333333
TLyqitJgYfP1ctoDzLLTzDZqzLULSGJ6iR 13685.737284 33 414.71931163636367
TG1PjN7kR2bBUuKHtvwBWs8STaB28N5Hif 10821.02 21 515.2866666666666
TDoyjmPJHzRFmYfCRLRsPhKjLETwd9fKr9 10717.193713 2 5358.5968565
TPRZtpGEA4cN7gEEMhECb92iTGg9KcneH5 10182.162455 6 1697.0270758333334
TNp5gsJhBmZFXgCdgjMgr8pEZ8fHgXUHDq 9493.144809 16 593.3215505625
TDZeVyGHgN5bErmWumuYRtXCrYMoUzKF7L 2606.3085300000002 3 868.7695100000001
TPfeyTeAS4Yf2FkSNSo5mzXASFyPgnShSs 2450.0 1 2450.0
TMYKWwRwUoLknttqkKbd9PNnspuMwXFBmb 2064.42 13 158.80153846153846
TA6SbszfFYC7NYt48viCM9LMD5F5E1Gbi8 1300.0 1 1300.0
TPAHXLZ7ZUw5JnAABaAXxjY6Rpi7r6nXJG 19.82 1 19.82
